1.083207227879648258e+02
1.147060063043156504e+02
1.147882287490983515e+02
1.153129097965637868e+02
1.125195753622675454e+02
1.155601479011442194e+02
1.128230831846860127e+02
1.098648780086748502e+02
1.120846897428158542e+02
1.132551715037912601e+02
1.160521369452206670e+02
1.126420182916706807e+02
1.102622693149032074e+02
1.076555630724397759e+02
1.130692722054729131e+02
1.122467937539993557e+02
1.150884450436283259e+02
1.110603487441177606e+02
1.156038626104048035e+02
1.174622681683003123e+02
1.097182490974525564e+02
1.085101414598908178e+02
1.143259647037874203e+02
1.168596448388268811e+02
1.113875629267277105e+02
1.119139312511627509e+02
1.138929939951753454e+02
1.102795556446901912e+02
1.106344457342500078e+02
1.125553018589269669e+02
1.127212780461966588e+02
1.173552733005254396e+02
1.182363727207466582e+02
1.126580216708758968e+02
1.101177226299266749e+02
1.132252356137243225e+02
1.120115692203970923e+02
1.079017198717717747e+02
1.079314985309505346e+02
1.114427329120191956e+02
1.167994312335573142e+02
1.113531665171059331e+02
1.082382406526076863e+02
1.114576023354030241e+02
1.081645736259728068e+02
1.129052302234412508e+02
1.152401224663199741e+02
1.128136664494001877e+02
1.151652710408825442e+02
1.086906879539842237e+02
1.110350841096281158e+02
1.092334320123736404e+02
1.091409891177821549e+02
1.132651995412275170e+02
1.102258062669054510e+02
1.113454702713650590e+02
1.096993615704238181e+02
1.121477203108157426e+02
1.110508777959229292e+02
1.110909629188156202e+02
1.053131547700703834e+02
1.098297494110359480e+02
1.136084299221410703e+02
1.118167061102621318e+02
1.106338433320390777e+02
1.118385322517838460e+02
1.101996528257401309e+02
1.104472618260106884e+02
1.120548341810508362e+02
1.159835949218569624e+02
1.107608383909030039e+02
1.062429293695087864e+02
1.147520415667577680e+02
1.129594949515268070e+02
1.064097376737852443e+02
1.132978913665323262e+02
1.146894583960930873e+02
1.118326291741670389e+02
1.115964683493220093e+02
1.103379367937544089e+02
1.114171040975184326e+02
1.155942324929701357e+02
1.119484878484346666e+02
1.146659002941458141e+02
1.143331203980471145e+02
1.152495977386998476e+02
1.150893479966563433e+02
1.125204027204451904e+02
1.131858822016886137e+02
1.140935144050138632e+02
1.119508792878496166e+02
1.075914421587729919e+02
1.110249146341388098e+02
1.140415348778375346e+02
1.161353737010961993e+02
1.142436782999249374e+02
1.122374600739771608e+02
1.077668455807466472e+02
1.095604255733457393e+02
1.109767585834664771e+02
1.138385166275722042e+02
1.142484312621084825e+02
1.130042844197211593e+02
1.097176440838293416e+02
1.125866350669769531e+02
1.125484847699086686e+02
1.109434958688509028e+02
1.079858300883051072e+02
1.076489352062695559e+02
1.092133872520990963e+02
1.097425090933077172e+02
1.203887975069846590e+02
1.142652149538308208e+02
1.138766778739781387e+02
1.163226946932081489e+02
1.136134647899653771e+02
1.065609763566913131e+02
1.105530167164442616e+02
1.106721289067089202e+02
1.160798716440454683e+02
1.155061596124950967e+02
1.057704472515618477e+02
1.114269793316511254e+02
1.135167274124559071e+02
1.174917410180771924e+02
1.156038136131831493e+02
1.175527701643406147e+02
1.105147221389217691e+02
1.113963607021244258e+02
1.093493226671768639e+02
1.125575285201840501e+02
1.081417041594440178e+02
1.107307846683458195e+02
1.137160861749501635e+02
1.097521810474889321e+02
1.161650085620374853e+02
1.094882843209580159e+02
1.140897367737346144e+02
1.125677131768562873e+02
1.119936288047136372e+02
1.165950472676612719e+02
1.150354867827190901e+02
1.079075100286411981e+02
1.132936162764222701e+02
1.125701411196075696e+02
1.052449437900149007e+02
1.141857580081983627e+02
1.080165169453171643e+02
1.082173563632082676e+02
1.140297830525186384e+02
1.051695449240861677e+02
1.154146775613802731e+02
1.120418764106947549e+02
1.104839208045170409e+02
1.137737423401555787e+02
1.150768489339039888e+02
1.082050140610298712e+02
1.127740787182405029e+02
1.151138364095519364e+02
1.131164263859114243e+02
1.144822552099601864e+02
1.107050362966491690e+02
1.142186806732434121e+02
1.169058515839892891e+02
1.157966940465586561e+02
1.110830465293244345e+02
1.177271217093905449e+02
1.089326997302341624e+02
1.178895633219214574e+02
1.033422516009372885e+02
1.140530805885168206e+02
1.132619600100568391e+02
1.098092527823393567e+02
1.026592080564978460e+02
1.098229507902163959e+02
1.167041020068899400e+02
1.138397225188586930e+02
1.120482179646185728e+02
1.083946825535005729e+02
1.104042415014493912e+02
1.136399026858867956e+02
1.073706581868030554e+02
1.135578880068166541e+02
1.174933512624783134e+02
1.116458191600678873e+02
1.118337016239530755e+02
1.096538329528912641e+02
1.158426881409051816e+02
1.138476884751363656e+02
1.117503794533604093e+02
1.112728932681092147e+02
1.092450444894919883e+02
1.128704029658218815e+02
1.121389111355756825e+02
1.178275352763145065e+02
1.131347596279528886e+02
1.080439624326498347e+02
1.108587927767185732e+02
1.160917038062729745e+02
1.121245822672416779e+02
