4.613512167879533621e+01
3.868972170738233274e+01
3.920721278851161173e+01
4.401134724333624604e+01
3.964301737295507166e+01
4.027469939716210945e+01
4.847479822789578918e+01
3.275791528601593683e+01
4.799691625818604024e+01
4.736144406393984241e+01
5.059969727685890462e+01
4.500823530910064108e+01
3.368848719768089239e+01
4.331448798483789631e+01
4.399222021496805723e+01
4.080214478049011007e+01
3.042449428844052761e+01
3.606735292354661482e+01
4.149300990780369602e+01
4.088466156578783028e+01
5.617088574978461679e+01
6.227912275821761767e+01
5.345543365780564216e+01
4.699306489262308162e+01
6.320593987188271967e+01
5.055549935353887747e+01
3.869461214725208720e+01
4.729506745406790458e+01
6.153302856399574949e+01
5.824397921303625481e+01
4.716852734181260587e+01
7.494181304176282765e+01
2.873829245578033920e+01
4.117754143345388229e+01
6.206627203008312677e+01
5.133155362446719749e+01
5.192100530306746009e+01
5.476049123311665312e+01
3.920081982235552687e+01
3.686756602372400948e+01
4.914763367003681083e+01
4.847865822321244877e+01
4.959851952340901704e+01
4.154422070248598686e+01
8.011230634223431935e+01
5.656641175143587930e+01
4.714781027563287807e+01
5.493062207485471049e+01
4.463996516191220110e+01
5.286522029841754033e+01
3.462653365923005566e+01
4.254129250722505162e+01
6.680116631264719729e+01
3.453218865490275391e+01
4.674523346638711985e+01
4.918706527665599992e+01
4.921103375735756913e+01
3.448108679448109370e+01
6.151483830452887247e+01
6.104433998058971156e+01
2.325766131959839100e+01
4.993843813538921950e+01
3.840276522712528617e+01
4.795922550166816478e+01
6.710277604122416051e+01
4.268369376277138372e+01
7.425147274692534438e+01
5.461204583577061555e+01
4.344671210843061004e+01
5.366072942076232266e+01
7.984302652084730312e+01
4.921214141852301793e+01
5.095504587068941760e+01
3.782948004283030485e+01
4.825073610092679388e+01
4.757634119631172354e+01
4.755782478406938907e+01
5.554838038843315218e+01
4.400182267696534666e+01
5.863988101262652464e+01
6.451381617268698676e+01
3.381460936229053971e+01
4.137602119436773762e+01
7.235506080332260126e+01
5.756012329950554829e+01
4.027363793803154124e+01
6.061024620260305085e+01
4.998393025631530406e+01
4.352829699013499010e+01
2.893554335505005426e+01
3.655226703339101846e+01
4.197040842723884424e+01
4.585978825205158671e+01
4.123014520204049660e+01
3.461576678895779935e+01
4.644489587203043612e+01
3.475856860072744325e+01
5.490554577422397386e+01
5.224930415246273441e+01
3.747372646860742407e+01
5.508644345653130614e+01
3.433688223306972986e+01
3.410278223813153886e+01
4.732510044402526717e+01
6.152341214329182151e+01
6.689446938019932531e+01
5.744600154285731719e+01
7.019542280098451670e+01
6.644256270081049820e+01
5.613049833281594658e+01
5.107492137336269167e+01
5.027957832390336534e+01
3.839597190860909848e+01
4.976710473198654938e+01
5.066677926563474443e+01
5.945638533986218022e+01
5.987886687764371629e+01
3.766911166636825925e+01
5.027891263810495559e+01
5.222570969325999357e+01
6.720047869682261421e+01
5.264171570810039213e+01
4.346627009958541521e+01
4.971650205749578788e+01
5.391742616266798649e+01
4.510381595590439474e+01
4.209632006145006500e+01
5.825624432754842985e+01
7.104906939576433444e+01
5.313314482341213818e+01
6.036187087215743219e+01
4.359776714931189900e+01
5.300150168740869105e+01
5.585537943358470159e+01
4.937691944218180851e+01
6.193713730916074667e+01
5.337465582753112869e+01
4.622052251427831493e+01
5.027963528867275045e+01
4.543315522966732090e+01
5.398394238018872926e+01
4.691705937362397094e+01
4.677957059541799367e+01
4.561020189775762645e+01
3.798671183582772670e+01
7.446132848587977549e+01
3.505061644718751523e+01
4.435789919030229100e+01
5.718865048222762226e+01
6.317024512274922898e+01
5.346139346982613461e+01
4.350471093238744658e+01
4.268212322022361604e+01
4.382767652694367655e+01
3.951754927942471340e+01
3.824538129775552164e+01
4.436452327249617156e+01
3.735128409556961060e+01
4.355842922976613352e+01
6.441209374523111819e+01
5.017719669553245865e+01
4.953069447912920964e+01
4.677511606661359167e+01
5.265078912896045438e+01
6.551998158611860390e+01
4.388079557078093984e+01
5.448145342467766739e+01
3.972600128100025074e+01
3.273971882330863536e+01
4.527475413972506146e+01
3.870438330681628258e+01
4.779794072182414766e+01
5.300096637270505084e+01
4.177521675210167018e+01
4.403607658885238862e+01
4.355213346159099785e+01
6.052528542856207849e+01
5.878495891623860103e+01
4.476297278567963644e+01
6.255714874217368049e+01
6.755056339701313561e+01
4.166967958641163960e+01
4.062736055103231081e+01
7.208918166917476356e+01
4.807256375328290687e+01
3.958184386129700272e+01
3.272141373105655049e+01
5.823242333796208214e+01
4.617353519549628516e+01
3.099033405288804843e+01
3.554665876668293834e+01
4.946073364168054809e+01
4.274719481327943527e+01
5.166084499982953560e+01
3.543665063806115256e+01
3.527703639707804939e+01
3.868961907875883099e+01
4.210854279116364296e+01
4.283970614207194672e+01
4.737498590326819681e+01
4.573607079520538576e+01
4.107445501775646335e+01
4.658788664970559523e+01
5.349320360191840962e+01
4.025339660876242931e+01
4.055849573064963920e+01
4.234516010058896285e+01
3.958132504972010679e+01
5.375482575206838476e+01
4.856518565782857877e+01
4.396381113270484775e+01
4.584741009048620697e+01
4.940893071171322504e+01
4.407364465324613434e+01
5.004833800638951402e+01
5.488752984729956097e+01
3.208244045662014798e+01
6.308803304335597772e+01
5.924265559009075588e+01
5.775129473211100617e+01
4.778777633699918681e+01
3.960644206218566410e+01
6.411966099899893834e+01
3.614021771568005903e+01
6.632480751767926108e+01
4.367204933615255413e+01
7.652655006183510977e+01
4.335929243356591201e+01
6.744747582474002456e+01
5.049024658352868755e+01
4.463755297604080852e+01
4.849099631977959746e+01
4.263233269356564392e+01
3.878188299589295696e+01
6.661100608450573191e+01
5.182316593038390096e+01
4.154057039488581893e+01
4.176950622679685665e+01
3.434359158057392847e+01
6.541828353720603673e+01
4.434301145561870072e+01
3.171580595617377440e+01
4.751283976394477548e+01
4.674471360424757194e+01
5.137086473761249295e+01
5.836428790146003109e+01
5.310413910329243947e+01
4.589607981798380365e+01
5.487481576572912445e+01
3.889349808860472990e+01
4.985568772044491936e+01
6.058912629814201978e+01
3.344440871935798043e+01
4.716792108343163648e+01
6.439081239860564665e+01
5.815805805299616793e+01
4.939336799542661538e+01
6.039734125266080866e+01
4.928407309940834580e+01
5.611026306353875270e+01
4.619326589869595523e+01
4.073630828922922831e+01
5.867649044198094543e+01
4.006589132284324961e+01
3.550583227002856290e+01
5.012390978091666938e+01
6.175361882860123330e+01
4.817282402342908654e+01
5.705156324515770194e+01
5.925277908429295337e+01
4.139138124060826840e+01
4.269027753487154087e+01
4.016867871995022199e+01
4.811851439978968870e+01
6.172544350088266185e+01
4.365051659324694810e+01
4.678941133424818588e+01
3.878444811030641404e+01
5.229775336108094308e+01
4.214682886373283566e+01
3.406600047005649401e+01
6.761883543331300928e+01
6.271206286046338363e+01
3.595112683989815849e+01
3.512504157236956814e+01
5.242304518564323246e+01
5.187057211800343737e+01
4.788614657317695134e+01
5.041835475767670971e+01
5.174524300317224856e+01
4.844713522263030114e+01
5.055066303389393312e+01
4.716678558716714065e+01
3.856722732110382879e+01
5.401278642918202877e+01
4.348985916572466692e+01
4.673881708422335635e+01
5.036406545500425125e+01
5.884314732393912806e+01
4.486477160918023799e+01
6.475529053040283145e+01
4.169365508461680037e+01
4.034071262532513913e+01
3.697363947293976594e+01
5.085785815817121147e+01
5.114277572716989084e+01
4.038078074045437660e+01
4.597967982990821412e+01
4.714476024547719391e+01
6.232244363759025418e+01
3.552235935944153766e+01
4.989916125448101525e+01
4.126362125023860017e+01
5.788324158145684351e+01
5.878006109342248919e+01
2.942978518836616075e+01
4.850431364558529879e+01
6.336842123305243035e+01
5.595545538077424652e+01
4.017674521538157961e+01
5.799760504913923143e+01
2.816572910532409324e+01
4.273578617335875407e+01
5.280895211505119846e+01
5.321338099695250889e+01
5.253982222090000676e+01
5.295578548333595847e+01
5.047450156801041743e+01
4.137319193434710485e+01
4.218719280361200674e+01
3.071688630734076497e+01
6.170672086298755232e+01
4.079278124487424861e+01
4.948850219386392268e+01
5.070803026575605088e+01
3.289414170920396430e+01
4.197488712834454105e+01
5.114521517395557026e+01
5.580733356882440432e+01
4.626211169346788665e+01
4.535371457539733342e+01
5.368134262675154389e+01
3.784114460114307832e+01
6.283529066305037247e+01
2.949512595742863397e+01
4.195597007255907585e+01
4.068782978702375885e+01
4.844149580403715305e+01
5.471201538736844583e+01
4.645724273431562068e+01
5.552156985829567049e+01
5.237912965225863360e+01
5.509842575380993424e+01
4.994876139706622098e+01
3.310705333504384384e+01
6.360929480399781255e+01
6.307088868604493115e+01
4.448483481405885698e+01
4.390369539442108504e+01
5.438883658588052583e+01
4.557087695377143177e+01
4.277177173876405902e+01
5.082794358759193187e+01
5.531428029868665419e+01
3.744150050851084188e+01
4.509409288023316265e+01
4.636875877780374111e+01
4.805085152290986628e+01
7.394734852992027641e+01
3.003866040390060732e+01
6.500582186481449298e+01
3.678097254615212108e+01
5.461666726103788250e+01
4.299499584203074676e+01
4.779945827223798460e+01
5.165112041979978130e+01
4.606560578802213968e+01
3.401047845709150153e+01
4.247718024214224641e+01
5.998431671620809880e+01
5.785243410038688694e+01
4.388985304624367245e+01
4.174902755766200357e+01
4.217861416176130263e+01
4.259926598288318189e+01
4.884910975212027040e+01
4.888429824112610333e+01
5.258250449503879764e+01
5.051156726830255650e+01
6.255823068684364330e+01
4.498216367220366863e+01
3.812926037825934600e+01
4.855662380596593408e+01
6.530761889904189843e+01
4.977114173733410496e+01
4.767938419600724842e+01
5.065257606263156731e+01
7.469518244733259849e+01
5.737631575399029771e+01
4.240459656028768620e+01
4.899430997871317572e+01
3.973186224666265787e+01
3.375403335927423143e+01
3.195763013816614873e+01
3.851240181687433761e+01
3.404874430157272513e+01
6.494386276689769488e+01
4.303935812730964017e+01
6.261144637009809344e+01
4.905280752880009487e+01
5.449352102261963182e+01
6.058142738950569139e+01
4.255033447117413203e+01
4.850170153657587235e+01
3.810192246315646969e+01
4.938336387513333392e+01
2.810723732483262083e+01
5.459319353200515224e+01
4.325398645679986487e+01
5.313402879983082272e+01
4.397854970857587631e+01
5.807294397671213204e+01
5.784433605869460848e+01
4.871854931856769610e+01
4.941062931790076362e+01
5.572504202775236593e+01
5.734763912013799825e+01
5.846248645182438963e+01
4.148016837541219815e+01
4.719743059037300270e+01
4.337503070691676754e+01
5.235929273180255450e+01
3.898680684455204215e+01
4.993378678694529071e+01
3.610886939088325676e+01
4.674690949365360382e+01
5.285263844167158709e+01
5.040894855718703838e+01
3.844087217272648616e+01
4.171412048169175080e+01
4.715652748801340977e+01
3.389187030677057066e+01
5.678246934165201765e+01
5.702590441564548485e+01
4.030037460913649738e+01
3.542453255091767517e+01
5.602930716847733805e+01
4.659253635697366747e+01
3.817920045281697128e+01
3.979438301662864319e+01
3.075223071859574020e+01
4.508828258795043098e+01
5.150386552286278175e+01
4.715493583234014352e+01
4.685270405505896463e+01
6.076141634387916213e+01
3.992157284600527589e+01
4.518584210398900325e+01
5.144886630433990149e+01
5.440264798410461111e+01
6.111175879375159781e+01
4.432922679561662704e+01
3.996174916930775822e+01
6.105245489751093402e+01
3.939098797688536990e+01
3.809160461609062054e+01
4.315013545806410633e+01
3.661802240810072817e+01
4.463793889153609484e+01
4.069305719315891423e+01
4.529030545078162362e+01
3.581709490713126343e+01
5.603482796053770443e+01
5.814189161079006851e+01
7.366492369895163961e+01
4.239284410111896761e+01
5.854643020231930706e+01
4.305672770036251507e+01
5.298257713872163777e+01
4.643197290841713709e+01
4.228844807212041701e+01
5.526624193457639223e+01
4.988992315325361915e+01
4.750566976034788524e+01
6.940968858780871642e+01
4.572517423660731595e+01
5.108481997965684229e+01
5.075626067749922754e+01
3.945994830677817333e+01
4.675541709531412238e+01
5.231973655653173694e+01
5.612359311857851196e+01
3.587752372870714623e+01
6.486605603438837875e+01
4.977201569082097876e+01
5.245276172205979037e+01
3.305715371414750336e+01
5.809161584554209412e+01
4.209482340709119796e+01
3.453043342839840335e+01
5.788787889793144359e+01
4.620568145885007993e+01
4.881930613254912998e+01
3.801997481289980385e+01
6.084605301421805734e+01
4.154014789661933804e+01
7.653276973348360457e+01
5.713656757023701971e+01
3.396586800516577398e+01
4.727101348981090467e+01
4.657437504012293772e+01
4.853773671403522627e+01
4.527029531405118234e+01
6.422618604523698593e+01
4.778394303983701263e+01
5.689815852949392649e+01
7.199578821824000840e+01
5.011450671204113405e+01
4.378908801465448875e+01
5.392069821581007005e+01
4.980303119687325619e+01
5.263841078084646341e+01
4.937879252135125796e+01
5.243118736675248925e+01
4.246462229501152308e+01
3.401036162008567487e+01
5.274778520660154868e+01
5.125048111421354946e+01
5.005860701033127924e+01
5.279934497721391295e+01
4.553247796022396443e+01
7.034032982992212624e+01
4.694450185556731014e+01
3.888195091472736209e+01
2.965479543433352205e+01
4.381925160017145515e+01
4.108859334368291627e+01
4.672442286504170283e+01
5.562928146709254662e+01
5.193978283493481740e+01
6.958739891448200865e+01
4.968691832337321301e+01
4.807414975810453939e+01
4.534904420051095997e+01
5.316587399052485807e+01
3.510614183640156938e+01
5.491488632475908105e+01
4.795618748198523917e+01
5.237384139897685742e+01
4.825084778204970348e+01
5.743819669411465867e+01
4.528866438420810425e+01
4.651764030689045626e+01
3.909781629746764509e+01
3.601053595938156349e+01
5.200310000187347725e+01
4.252708275459075082e+01
4.898643880223681890e+01
3.896205567297639050e+01
6.113947439984745813e+01
5.405240756985535455e+01
4.448718667520200398e+01
4.694025062454259967e+01
6.406280622229348864e+01
5.738398035110807172e+01
5.181297856597788609e+01
4.389726772278442013e+01
4.393707227363512402e+01
2.952499885941083235e+01
4.724420867920007794e+01
4.410106770179709201e+01
4.120773498456917139e+01
4.776317347003098490e+01
6.202549246090470092e+01
5.372744265295084176e+01
5.036661790054944277e+01
4.477493676689987012e+01
5.068187268811445279e+01
4.229318041306655118e+01
5.260771965967033736e+01
4.873355686810522513e+01
3.826917178772269068e+01
3.195725845895919193e+01
4.445617331061129818e+01
5.051149150723606596e+01
4.601902781731618575e+01
4.637607096304811449e+01
5.442567279316367035e+01
4.333607723454974803e+01
3.243768802532934359e+01
5.669800137038905063e+01
4.576271859703610545e+01
4.739516856596185335e+01
5.886363961460495631e+01
4.282935585762209030e+01
5.449639371986237535e+01
5.039562190984764811e+01
6.161162967320574069e+01
8.470590639953358902e+01
4.235278065970977934e+01
6.388211801670230017e+01
5.475077318778950541e+01
3.029277654196989999e+01
4.459989055207490338e+01
4.969703098239860850e+01
6.742850011686165601e+01
5.391937012717183109e+01
4.495997147177723718e+01
5.058194438541583082e+01
5.309132887244766152e+01
5.325215706236696178e+01
4.325100806497897565e+01
6.818255335636504810e+01
4.270542066177243612e+01
5.401941757542824973e+01
6.455524848599029042e+01
6.419645876633447301e+01
6.130737049778062442e+01
4.557223135620996857e+01
4.606726487265417802e+01
5.173935022741319756e+01
4.023179404327393627e+01
4.463963998127728416e+01
6.176900855448376859e+01
3.578282108949066043e+01
4.117185789289796105e+01
4.682019356690324230e+01
4.349313171793708932e+01
5.168315870772494236e+01
6.399739977387244494e+01
4.644712590025088161e+01
4.041578058576189392e+01
6.503746082589293565e+01
4.206537082806827499e+01
4.184566584559564717e+01
4.307860553457024366e+01
4.834387162627930223e+01
6.008447167856388660e+01
4.779651074411727052e+01
4.884660327348238695e+01
4.281656383374900798e+01
4.146367858994771183e+01
6.487673712576611251e+01
6.254457253070795275e+01
4.273112847286904525e+01
4.135462277599260972e+01
4.472137047307431601e+01
3.681290405895413187e+01
4.496898024031436591e+01
4.155462687048601111e+01
5.241228454414348903e+01
4.183371817668937354e+01
3.521769553202875613e+01
5.030443782410038978e+01
4.992120233617636416e+01
4.531715067461178137e+01
5.764906304587280061e+01
3.962744005915123324e+01
4.946021547326602530e+01
2.484465777991996305e+01
4.781509369308477631e+01
4.325594485850526638e+01
3.988058123804671595e+01
4.984655742877895790e+01
4.066577897434774513e+01
5.684293078908562791e+01
3.699027909001968339e+01
5.151887967042316063e+01
6.329021403799863776e+01
4.158931674881194596e+01
5.731819940294973037e+01
5.312707296849301741e+01
4.981113327341745389e+01
4.795759781019118861e+01
5.828286267183774783e+01
3.917992756595822357e+01
3.866546019293907932e+01
4.732637812732268401e+01
4.231598398479597734e+01
5.180851646364192220e+01
4.503663267484721899e+01
5.252900584074913581e+01
4.766789064124778008e+01
4.858068663680143118e+01
3.385098206516086350e+01
4.123971196058693778e+01
4.830230310571501207e+01
3.673141166245466138e+01
4.518478485805827916e+01
4.847446113450795480e+01
7.120086684577843528e+01
3.529773085557844325e+01
4.073964949090469645e+01
5.114134353190559068e+01
4.515527178274963660e+01
2.835125602935842437e+01
5.580748795297363785e+01
5.569193014392983088e+01
5.923477514323786863e+01
3.764173124416387850e+01
5.666381551644302306e+01
4.686375563952637435e+01
5.644299121584434431e+01
4.088213688995644191e+01
6.023103788789322266e+01
4.852436927803746158e+01
4.644648484648713804e+01
6.369259107805036990e+01
4.089759114719483080e+01
4.483126813308849989e+01
4.473784131201171022e+01
4.911523313933626156e+01
4.250873090283873523e+01
4.677293262842530908e+01
5.913833720708441177e+01
3.817537896553261589e+01
4.867717720847141294e+01
4.522990479666087538e+01
4.520821989042789113e+01
4.676794991431964377e+01
4.896554463114967604e+01
4.748675184482404177e+01
4.420107259408304401e+01
5.639823751976646804e+01
4.172494826372242471e+01
5.578697238661143842e+01
4.874546241804829094e+01
4.887635725986034174e+01
4.284049287124589966e+01
4.944321336051455518e+01
6.492053537772042660e+01
5.405325313605240467e+01
4.099301994765628621e+01
4.621879486331688724e+01
5.842917895398896633e+01
3.727228006239843694e+01
5.440279132429644449e+01
4.695504029999919737e+01
4.375102301361876300e+01
5.131644750462717752e+01
3.457396761342212699e+01
4.479685911483132088e+01
4.410829848886994142e+01
4.874587236979703420e+01
4.235809926580519402e+01
4.291596593382688951e+01
4.660130961093938851e+01
6.409931805777893032e+01
5.629546912115569057e+01
6.519118078569439945e+01
7.037363975242777769e+01
4.925400434613554523e+01
4.738020714636382991e+01
5.101522522305150176e+01
5.561948052553797339e+01
4.241084552548124265e+01
4.554388820222055045e+01
5.022933798955695295e+01
5.337712361321248977e+01
5.355681699294086684e+01
5.592573092530069090e+01
6.628215933169028062e+01
4.773140996217757248e+01
4.534164991736805916e+01
6.725317366794052987e+01
5.583911078868352718e+01
6.868544254111029090e+01
5.525331197497780522e+01
5.941913148347582307e+01
4.665740487509296486e+01
4.473507641385734246e+01
5.219265486316409408e+01
3.713510231434455022e+01
4.729965438046421156e+01
3.769282001078732947e+01
4.957371720062977261e+01
3.735593228411726585e+01
5.193329653951627023e+01
5.038180950231921429e+01
4.339209607274146663e+01
5.588025735653181414e+01
3.902904806821302230e+01
5.749668972878451711e+01
4.508908692391486284e+01
5.344639267853098374e+01
5.490193158217957858e+01
5.039791000864676107e+01
5.014208156999973909e+01
5.119272287598522553e+01
3.059750961116544232e+01
4.036560922820012820e+01
7.429739257842200573e+01
5.375747843083350830e+01
4.996036966467968909e+01
5.447533134867910576e+01
5.511457128082741264e+01
4.824123749173686804e+01
6.197995475535404353e+01
5.558397166934662437e+01
6.582883939117124328e+01
5.207212137799777452e+01
7.026327405927968073e+01
3.568084199364310649e+01
3.797883244607216824e+01
4.193968738844144184e+01
5.287486397569166030e+01
5.165916022864158208e+01
4.510409426097727703e+01
6.429755484907533969e+01
4.741365309274384288e+01
5.813728061643083578e+01
4.442420802171685068e+01
4.374092387855758091e+01
5.357465538718034281e+01
3.817899069875812756e+01
5.369825770882346205e+01
5.852469702952168973e+01
6.184731389829609327e+01
6.302510875847142557e+01
5.513255963351720368e+01
6.183441128565827682e+01
4.864552446205013325e+01
4.409773422165415013e+01
4.209663978035167986e+01
4.067755197659600697e+01
7.605199397726127586e+01
3.441151298345566545e+01
7.271727539246072070e+01
3.553933122475056905e+01
4.389919492361037356e+01
4.341889695358798917e+01
5.553375844646784287e+01
5.234988188390416042e+01
4.531914846388817608e+01
4.146021481470737058e+01
5.436171191267360570e+01
4.705842855186998008e+01
6.422063360630943407e+01
3.832064369395398273e+01
6.250216605780538970e+01
3.432692702978165755e+01
3.419130183863958905e+01
4.863826044818880234e+01
6.306082733555658137e+01
4.466997936030167438e+01
5.272522707097573402e+01
5.188039387109438394e+01
5.696602053175300284e+01
6.481868092913693147e+01
4.298255256722588058e+01
6.874631025312160659e+01
4.609532984424663482e+01
5.009837541896378355e+01
3.936400855136984944e+01
4.443056677810270827e+01
4.762849105949784700e+01
3.757281981611291144e+01
5.509808552448500052e+01
5.451902906056570686e+01
6.019213692914268421e+01
3.819001770228209125e+01
4.704018854723695853e+01
5.184758277194093523e+01
7.281339402337950162e+01
4.445989270202861121e+01
6.021550745780308489e+01
3.882449539955348428e+01
4.350916156876713359e+01
6.607028367222116572e+01
4.318315670232884429e+01
5.344566427752738491e+01
3.451316809611540748e+01
6.414737258659273778e+01
2.876285692519707027e+01
4.375939206726926756e+01
2.757796969067852544e+01
5.881445050860768475e+01
4.100862918092543907e+01
4.696574815528366287e+01
4.854592447681618950e+01
6.011111111837232102e+01
3.605960434645866997e+01
3.945119856435169226e+01
4.479506251492033186e+01
4.575878158009664531e+01
4.901162577468129200e+01
5.854773696960438656e+01
3.986095304559287911e+01
5.418770196320016197e+01
5.628759014779925707e+01
4.690679028313233800e+01
4.356866911331506742e+01
4.257862513474155008e+01
6.030831288782052013e+01
5.939512312429982899e+01
3.532519691729733324e+01
3.528996317845690101e+01
5.247302892301480881e+01
4.935025986376331275e+01
4.816693820466268505e+01
5.046171588754256021e+01
3.576582807010388620e+01
3.400317904188863594e+01
3.778720831014913983e+01
5.107801610163797079e+01
4.708471134199799479e+01
4.182512125033563422e+01
5.065224640266717415e+01
5.661006346546444945e+01
4.560710811904102968e+01
3.725269225488808189e+01
5.338528576319401253e+01
4.844233447841935458e+01
4.025774433952437903e+01
4.614448637729323366e+01
4.188063035348112351e+01
5.151743987146379311e+01
6.032406165543888221e+01
4.089132608627170384e+01
4.911529001179926723e+01
4.947513548542486461e+01
6.020365896762423574e+01
4.178892995563407453e+01
2.815305974626012642e+01
4.534229444187288038e+01
5.960966653969389739e+01
4.792415204173597942e+01
3.022305147297294781e+01
4.520172610296425120e+01
4.607939292857781766e+01
4.860470191694847131e+01
4.924469859321052922e+01
4.406737493168414233e+01
5.745657205032527060e+01
4.210949407693534141e+01
3.067598858626213953e+01
6.951147492958546081e+01
5.127428700023762786e+01
4.862839226885223809e+01
5.997975263525938061e+01
4.952712069823269303e+01
5.252293266909879321e+01
5.667370386302367535e+01
3.635703232678022090e+01
5.370915980880705831e+01
6.076430349717264789e+01
5.270432347863877709e+01
4.328252571095526946e+01
4.214916122703691315e+01
5.675862363682558254e+01
5.773989455910550106e+01
4.510712544270085544e+01
5.077106534272717653e+01
3.181599794860629160e+01
3.016713890228916739e+01
5.020909978324831968e+01
4.020865700403133758e+01
4.103206688384108247e+01
5.396674782295789896e+01
4.059234245872234226e+01
6.166078564568202580e+01
3.660395522962630110e+01
3.193841161102343662e+01
6.795042077378784029e+01
4.296536533450331774e+01
4.692861793075289256e+01
6.922253129237296321e+01
6.215129629014366230e+01
5.133133602858536904e+01
5.960988533270165846e+01
6.270680507770720880e+01
7.553097145667489087e+01
5.522869439434647632e+01
4.836978017541034092e+01
3.210622125528703918e+01
3.921567321073645473e+01
4.185848549067667079e+01
5.142297423679740120e+01
3.664544479064039706e+01
5.270426463170940679e+01
5.395827322705340379e+01
4.137937922025108151e+01
5.306684670744326127e+01
5.598540788084651609e+01
4.574723175093500060e+01
3.775997681791244531e+01
6.467766239636945613e+01
5.851407979205806242e+01
6.024895140043001618e+01
5.267774478249547343e+01
3.812522316133386369e+01
5.552702356422170737e+01
5.529439379153964751e+01
4.346640471260484873e+01
4.761708911921796528e+01
5.590590351304552996e+01
5.341134876125249775e+01
3.837241390758239845e+01
4.922526620003575459e+01
3.324883376803223456e+01
3.812558741992850742e+01
6.092370511280197576e+01
5.861313295728962913e+01
5.058631828225048821e+01
4.195432185355767274e+01
5.523134112917308869e+01
6.414145815938880446e+01
4.270274616540849166e+01
3.912779823196168394e+01
4.235977973015484110e+01
3.390294065283966063e+01
6.284865358101080801e+01
3.981383917650516224e+01
5.645760526876063778e+01
4.806243179752159733e+01
7.658810560469561324e+01
4.660968081232633864e+01
4.544655274914775589e+01
4.354883363761418025e+01
4.560756190548576683e+01
5.210761630586924298e+01
6.744655895032623505e+01
5.388551669677811873e+01
5.666105956805100874e+01
5.450189999583503209e+01
4.534875472474833202e+01
4.694994543637364615e+01
5.256272610011960467e+01
5.919698121564153581e+01
4.767794081677988061e+01
4.890121626381849751e+01
4.268088084943143201e+01
3.523416230337257105e+01
3.203605301485828249e+01
5.242753161621054403e+01
5.873754157779881524e+01
4.742836486262304874e+01
4.409993105692637272e+01
4.401119446507757971e+01
4.807008605106008758e+01
4.504109735961169747e+01
4.872164508831522056e+01
4.984807688523962099e+01
5.329862383598744202e+01
4.179179903920018546e+01
4.978319094485047458e+01
5.643144978058195704e+01
3.938204616124301083e+01
4.591464345714173589e+01
4.770593286300244529e+01
4.795389006578513147e+01
5.964034124639022849e+01
6.077965137533951179e+01
5.021229227500576542e+01
6.817983530720673002e+01
6.103476325774472855e+01
2.649489445733484416e+01
6.324592210378479251e+01
6.773291265157646990e+01
6.741088087815884933e+01
3.448388202139584990e+01
4.339240462170725721e+01
5.525087386547571100e+01
4.918636851791136166e+01
7.355825761332914681e+01
4.888389598077367992e+01
5.045790169367680278e+01
4.700827027290119275e+01
5.762197805248468541e+01
5.630235094897587089e+01
5.461034062849665816e+01
4.193056665899631241e+01
3.917110678916235145e+01
6.236465966082622003e+01
4.109543300333036342e+01
4.218735232593600415e+01
4.978453818067932701e+01
4.561692386780261188e+01
3.760047988140968300e+01
5.008522025934934163e+01
4.136860996689081560e+01
5.468303276595961648e+01
3.143502233735782170e+01
4.395151287298487830e+01
4.106943039735276102e+01
5.305182034827404891e+01
4.920454447403507459e+01
4.408065369120427590e+01
3.385184096986825608e+01
3.565678663817958238e+01
5.696478250596884152e+01
4.611446902196746578e+01
4.012586284578670615e+01
3.014970053795074278e+01
6.517891597255427882e+01
4.009223011165394723e+01
4.384990876670369886e+01
5.462369614524639161e+01
4.638549674757604890e+01
3.125833022603065814e+01
4.610977739051370605e+01
4.102291391055126724e+01
6.671894564016821505e+01
5.312902782637177523e+01
5.579712517869999999e+01
4.709323808306554326e+01
5.511664877020829323e+01
4.603959701732728149e+01
4.033217904151069888e+01
3.264112643141940140e+01
5.417362265602596949e+01
4.459476661386923979e+01
3.948853347883137133e+01
4.796342886028872243e+01
5.561875181997514517e+01
7.280994952733045977e+01
3.725408598496616008e+01
5.440521260591614805e+01
5.215990818840734278e+01
4.869673788192868358e+01
5.638602354496757840e+01
4.500477423692773726e+01
4.663266224548254968e+01
5.466381187155708687e+01
3.736507063920151239e+01
5.815941756754507708e+01
3.292319301492113937e+01
5.059378440942346344e+01
5.486267971059989179e+01
4.492163059088037613e+01
5.469997563865802448e+01
4.389281145436699205e+01
4.761603455636091553e+01
6.413985943020644243e+01
5.917996504639732791e+01
5.343632658634274435e+01
4.610691017765917366e+01
5.529757900792090197e+01
6.397133830409363497e+01
4.712352789854016777e+01
4.557435309642869470e+01
5.231544261714602584e+01
4.887687938239879060e+01
4.997134185432074105e+01
6.727830902573197136e+01
5.022390339606320708e+01
5.287922253666387462e+01
4.923113340294519702e+01
3.475168323454548158e+01
3.894344346452498939e+01
4.592912612079880574e+01
5.208772052165627997e+01
4.310618011118474158e+01
6.621653597004603853e+01
7.754256699659367769e+01
3.525962447176653569e+01
4.044618156665210051e+01
3.712104136218950146e+01
5.949315171099725319e+01
6.372798794504934250e+01
4.056914337260582215e+01
4.055385952359046087e+01
3.982098595242386807e+01
4.263230972242900663e+01
3.837834787992843388e+01
4.967827534180977977e+01
6.487041118346714086e+01
5.653878389539544713e+01
3.177077023386603827e+01
6.098720292086032657e+01
4.450119799851848512e+01
4.706918033786141820e+01
3.964677966117257313e+01
3.425589614206542421e+01
5.326826482310158895e+01
5.494861211441453719e+01
4.162296816541095268e+01
5.162405051470380357e+01
5.036052099517365832e+01
4.276261182197204391e+01
5.804145040063925620e+01
4.407684206142040040e+01
3.938310840898255094e+01
4.900853561900078148e+01
6.091565739306408744e+01
4.578055358717730883e+01
4.483524778878924621e+01
5.437026713038167003e+01
3.990758089810935871e+01
4.053309810215371556e+01
6.199157922483412619e+01
4.582855665089110175e+01
5.325291518175752969e+01
7.069268488908926429e+01
5.925550455334160205e+01
6.649749086441627810e+01
4.101612782821760561e+01
5.959686237075209903e+01
5.330211390775548352e+01
5.823696432241017362e+01
6.049516762276100224e+01
3.139043906107955451e+01
5.790342439540818731e+01
4.182732280474469633e+01
4.538175516794275666e+01
3.538035815297019582e+01
4.778816219867282200e+01
4.464850831878857207e+01
4.823584297601826165e+01
5.958775079728847146e+01
4.693672822591769744e+01
4.787794317259963606e+01
3.682027593432464130e+01
3.317541387231393912e+01
3.811603259982172176e+01
4.755881725261471615e+01
5.112229407858828267e+01
4.096703019970000526e+01
5.520279685687657434e+01
4.983410052436078530e+01
4.480664832581162216e+01
5.608328795391580712e+01
2.937670055362294619e+01
5.785631444412120317e+01
4.492500644701218704e+01
4.324379636413910077e+01
4.399382131143129016e+01
5.578501839043032362e+01
3.734431754961131134e+01
5.043336181384518113e+01
4.736468855088301666e+01
4.853427445633973036e+01
5.345219428713356535e+01
6.730201886631914476e+01
6.207208771657001734e+01
4.846799439300278323e+01
2.907939952481012824e+01
4.920686783286079446e+01
4.437332647295757937e+01
4.968504361124632140e+01
3.914004607573426853e+01
5.658021400189076644e+01
4.995564187708928472e+01
3.794572481764870275e+01
6.068340166435029204e+01
5.414323860754247164e+01
4.991327892101553232e+01
6.593788482648076865e+01
7.864828227916949288e+01
5.983619816806742620e+01
5.257976870411080483e+01
6.485984549891549023e+01
4.841599433924642426e+01
4.405654800369255497e+01
4.613017873111161293e+01
3.927505313173693935e+01
3.893987586816720636e+01
6.118759628667928041e+01
3.880604702193109290e+01
5.029480996930222148e+01
3.129869966898390743e+01
4.891127930251064981e+01
6.448569052177857941e+01
3.873111351380997291e+01
5.111624178519144124e+01
4.063781601098601470e+01
6.868850527828507779e+01
4.266629539355355405e+01
3.770370363439980110e+01
6.086506804061316700e+01
5.562835738969683774e+01
4.743857766290939537e+01
4.322412353820263320e+01
4.179900636360702038e+01
2.952745248517214804e+01
3.411765808247695020e+01
5.046791470106424526e+01
5.297561759369222756e+01
4.828617505772065499e+01
2.708429799225804402e+01
4.752866901535785615e+01
3.832405200237354848e+01
4.464013405101503196e+01
4.215972757527806891e+01
5.318812180611050877e+01
4.043478573584980040e+01
3.383644397505044310e+01
4.888561632332603324e+01
4.367913996254425513e+01
4.642873585353483179e+01
3.238106188729419443e+01
4.280364736534935588e+01
4.973252927995760331e+01
4.117928299564495376e+01
4.208847773835356065e+01
3.976681422454648640e+01
3.799186969907200506e+01
3.569143514218917801e+01
6.970215495663279626e+01
5.629899369184164470e+01
4.277816281212763982e+01
5.432945118100504800e+01
4.721671859421887518e+01
6.553184512153733010e+01
5.397469159419036089e+01
4.758269121347392172e+01
5.225327465207497823e+01
4.048568110414311150e+01
6.175568586883305500e+01
5.654577659701899250e+01
2.706906096276430773e+01
4.341778468045160366e+01
4.570952102836785969e+01
4.174619639929746739e+01
7.733185106780652518e+01
3.243055905599225497e+01
6.912576462707544067e+01
6.539730611857467579e+01
3.140060882649516927e+01
3.292854649356524277e+01
5.130569916700719091e+01
3.582303193284148790e+01
3.395809237394875879e+01
6.376666169495909742e+01
3.914675181552455996e+01
3.965359214994495574e+01
3.692315361618479841e+01
6.109486144054652357e+01
4.273617596662811025e+01
4.854916352955294201e+01
4.026090906042621498e+01
5.184057735431749592e+01
3.307106517879212504e+01
4.492896935462868413e+01
4.063082299871672376e+01
5.102804146222912607e+01
4.030352077715515691e+01
5.775611670313612223e+01
4.937810018407755308e+01
5.624854596274963114e+01
5.043272064400422039e+01
4.091738476607170583e+01
4.127046561152705806e+01
6.390059427023822991e+01
6.276993834171823750e+01
3.550033634537237504e+01
5.866673732234795580e+01
4.470106383505716252e+01
6.356279041322123646e+01
5.684290290750272590e+01
6.623820940976906968e+01
3.379870403576492777e+01
4.510441859034464329e+01
4.480589051182013804e+01
5.481848836307635509e+01
6.354167845935312187e+01
4.773214490904503293e+01
5.479799354612053719e+01
5.522474029254007633e+01
3.695763379766326295e+01
7.294192803182255602e+01
3.895921548432614401e+01
6.251284184236224917e+01
6.895720205728272845e+01
4.559598696127608264e+01
4.261241117568339831e+01
4.460928390192714232e+01
4.196577358949361525e+01
5.732943725274098057e+01
4.252383342301510538e+01
4.401217482271941606e+01
4.250507696883184394e+01
6.568092121496783875e+01
5.820161977176950074e+01
5.184364437246082957e+01
5.166949788504233254e+01
3.099174085631505449e+01
4.885020147916235800e+01
4.453952398556952375e+01
3.948136150838652725e+01
6.030814666317558448e+01
6.099399343040553845e+01
3.016252120792620417e+01
3.902781562194115850e+01
6.886160552042673544e+01
4.726024379540331211e+01
4.172384505013644684e+01
6.681807706798693403e+01
6.426940562160572767e+01
5.319820424815707582e+01
5.110400656499980698e+01
4.326685454940015063e+01
3.962471602366638024e+01
6.077205502876272192e+01
4.429627586390559202e+01
4.224649390009561500e+01
5.466116295472661335e+01
5.039687363163000100e+01
5.393388379669764277e+01
5.800597586086252022e+01
6.952006515437730627e+01
6.489453315703666192e+01
5.254319324556097826e+01
5.909944341197184769e+01
5.497928679085450199e+01
5.321572918002340202e+01
3.910373633700493912e+01
3.566176621922011236e+01
6.789035162694963788e+01
8.072291234140351435e+01
2.596622972979762878e+01
4.722134722814170260e+01
3.646788547792127133e+01
3.577277804214381263e+01
3.576468387830109918e+01
5.148181861990141073e+01
4.975343596305729221e+01
6.565834483298738178e+01
3.968555880984876438e+01
5.466966145029514479e+01
3.980987343957760061e+01
5.147196867233655837e+01
3.232696805209980084e+01
6.392639318472335930e+01
3.430951251105007316e+01
5.459238795712767001e+01
4.762352726173995165e+01
6.765931114265578117e+01
2.831758197408834832e+01
4.062114979807194004e+01
4.919432029017342245e+01
4.097267946637286684e+01
5.227876033680829693e+01
4.961085863269200047e+01
5.456793026768579580e+01
3.408369318392965397e+01
7.887856894335260449e+01
4.013463228327360355e+01
5.466282179620320392e+01
5.099650232923222148e+01
4.924859732731293605e+01
3.500606422057344957e+01
4.730950468485077209e+01
4.196363952088673699e+01
5.674919119377623389e+01
5.815961560016358334e+01
4.401232754412785653e+01
3.408845716556187710e+01
3.734344486352050296e+01
4.830761004204644848e+01
4.108184763370937986e+01
4.352235360490116989e+01
4.314830705337122652e+01
4.534084300807879231e+01
3.686614300544562894e+01
3.871606107356313942e+01
5.725984221185704826e+01
4.906285094375221689e+01
5.096717656408277719e+01
5.150111289513537827e+01
3.571156402442971256e+01
3.834694256567477311e+01
3.146251545860483390e+01
4.517661147313090453e+01
6.187041704818690846e+01
5.939545602084692888e+01
5.468141203248325155e+01
4.816719425361547735e+01
4.319551899139052864e+01
4.686321889078466540e+01
5.042190162389813679e+01
6.819302627282462481e+01
7.260370025595041454e+01
4.522512803909737045e+01
4.968740760022326697e+01
5.050543995972599021e+01
4.002060661614519432e+01
3.282708914750504903e+01
5.137808673169532625e+01
5.452936569913798337e+01
6.244406990981045169e+01
3.947903490240613422e+01
4.517798312278374340e+01
5.088848680090203658e+01
6.506092217747000461e+01
6.610069435754510891e+01
3.861678945037149191e+01
5.668578717208682605e+01
3.663900613110669724e+01
6.020921404524774090e+01
4.383488316522741712e+01
4.281460283956810997e+01
4.759729646403342684e+01
5.909923917389238568e+01
5.049537649319670862e+01
4.599498725705116442e+01
5.949213399111799561e+01
4.547695860706037507e+01
4.622665567457106306e+01
4.466964246393016680e+01
4.385620911331162119e+01
5.107904781065110456e+01
5.040840927483345979e+01
4.728541453272814010e+01
3.356531013991506285e+01
5.182018421447057932e+01
5.225573683504768496e+01
3.630290205570963735e+01
6.197468312720445738e+01
4.727072619936138409e+01
6.762921468770318256e+01
5.738374581211930803e+01
3.413185876681481545e+01
7.692933116783643754e+01
6.709188104335794378e+01
6.541103391796335131e+01
3.933167662087510053e+01
5.630061870803729107e+01
4.099586065286359826e+01
3.643130392621289815e+01
4.786119552290885792e+01
4.702308702860830181e+01
3.806258489721297167e+01
4.665014830850253702e+01
4.124119639952900940e+01
3.566831073461100488e+01
4.830215685256116842e+01
3.731142361039377420e+01
4.208856123408840233e+01
4.558419548021390710e+01
6.147263068179328371e+01
3.862312670777326673e+01
5.805309504401096632e+01
5.212707578105616335e+01
5.917449543789577149e+01
4.171330852705207803e+01
5.017851776900965888e+01
4.479113818631221022e+01
3.982653161983523660e+01
5.912504387835726050e+01
4.425999677204879390e+01
5.382952918222321159e+01
5.637126296849302776e+01
5.435905119681990527e+01
5.278590074315525271e+01
4.664662774313057980e+01
4.317925151225493607e+01
3.717816416788667766e+01
5.162002358538499180e+01
4.552151057637982490e+01
6.275283333147602605e+01
4.218481690857620947e+01
6.137835741738123829e+01
4.904497140972138425e+01
4.277760195931706022e+01
3.646844622328727326e+01
4.207640255764434301e+01
5.456280456580117288e+01
6.792837019787702957e+01
4.973520401983518013e+01
3.004829754217990967e+01
3.914741160302949652e+01
5.110832019056928743e+01
2.719784299953023066e+01
3.518263301072299498e+01
4.239235938806550053e+01
4.104780726430458060e+01
5.997953012142052387e+01
6.042120495628711296e+01
5.408835506378796509e+01
7.129569674186983264e+01
5.186050095842971075e+01
5.256892582274161896e+01
4.701040134229619127e+01
4.420243761239427727e+01
3.644020705230883550e+01
6.039243095935003680e+01
3.398405674150717459e+01
3.591745442027225010e+01
3.676977269747388988e+01
5.147541268081404553e+01
4.090659792359242886e+01
4.590966260423315504e+01
3.687471535293661873e+01
3.433339101275509364e+01
4.920327643846037802e+01
4.009185382291349242e+01
4.060160521275588508e+01
6.495301082242700375e+01
5.062087561764410282e+01
5.431001540077648571e+01
5.131286523545011136e+01
5.948095134783800120e+01
4.008839078096900721e+01
4.208125335337047090e+01
5.441658339524465049e+01
5.711496349203218159e+01
4.443109322754128243e+01
5.771424457714591227e+01
3.867938104623463147e+01
4.404491487191096866e+01
5.628300596229450292e+01
5.851176527798310900e+01
3.502713086367239725e+01
5.337692891374673820e+01
4.884377181714437199e+01
6.057389631005268882e+01
4.131793563174348094e+01
4.065215088275466826e+01
4.203290412873075610e+01
6.516967252866049876e+01
4.544836096801732594e+01
3.959632754378334596e+01
6.730638763499315758e+01
4.888115815248737306e+01
3.481773563520155790e+01
5.808158533004920798e+01
4.717003808581283408e+01
6.303475626242935448e+01
5.298042436278849721e+01
4.086795913714703943e+01
5.724607111302568541e+01
5.062623166437359146e+01
4.235932713727935095e+01
5.206803900125588314e+01
6.042809482668144483e+01
4.617265945861994680e+01
4.197898882826019218e+01
3.982735414138583252e+01
5.297941697794866656e+01
3.703105909434239607e+01
6.257900357908255984e+01
3.108113050832112734e+01
4.194713321098182490e+01
4.355374489821370787e+01
5.862804719632891448e+01
7.240514776955039622e+01
5.016778819600649797e+01
3.753403047169920370e+01
6.283097308902691935e+01
7.402888324565401490e+01
4.253003584817310667e+01
7.659098849834776956e+01
3.907082490025177890e+01
5.155967620713650490e+01
3.445413679592290634e+01
4.816581840776143508e+01
4.660928463078468553e+01
4.901830158957166361e+01
4.039462969845255458e+01
5.627025838183222106e+01
4.752560366869364117e+01
6.074976381388235325e+01
3.904825035918615583e+01
5.370234817140821804e+01
4.978099606495393914e+01
3.485079825162120670e+01
4.678549481136030153e+01
3.106028728581119580e+01
4.546044684540508740e+01
5.324502568249793200e+01
5.559791097972197349e+01
4.901877231695146975e+01
3.840080728553411404e+01
5.221825085400156752e+01
4.812088552396430430e+01
4.495269210035062457e+01
4.147522727347477201e+01
5.361810604956878024e+01
4.644880125659491910e+01
4.764935581654584951e+01
5.132763064517159535e+01
5.554913979444078365e+01
4.873354190228258176e+01
3.856317097599706045e+01
5.572079681556701303e+01
4.668676956196421202e+01
3.497578554647824234e+01
5.806409245181850309e+01
3.783582082650143974e+01
3.202677875093743864e+01
4.865122132226611029e+01
5.625438261954936792e+01
6.155275101544376071e+01
4.461413347594814383e+01
3.570498761070615501e+01
3.487791766995744069e+01
4.832663418555085855e+01
4.253297198000930734e+01
5.906986798161069174e+01
4.455103869232779346e+01
6.900313175007640609e+01
4.541803608948780635e+01
5.071384180200728053e+01
3.936578954971731292e+01
3.008048234469958615e+01
6.898193857217925995e+01
4.223319550305519954e+01
3.650328910140349592e+01
6.527210219126318691e+01
5.066240577666741274e+01
4.566169126299175218e+01
4.420288731612370015e+01
2.845481598923852218e+01
4.681487958423463169e+01
6.383067598102505968e+01
5.628869472474480062e+01
6.884533342214248819e+01
5.649910399983588860e+01
6.571570875901360864e+01
4.934561041488952782e+01
4.788266805670771475e+01
6.304235069691598170e+01
5.236366350812568271e+01
5.427517928793246682e+01
5.099917087155304785e+01
3.631759928102758295e+01
3.819863868892674219e+01
5.920622624029574155e+01
5.669568187145033278e+01
4.665648416934612897e+01
5.251326526129597028e+01
5.514413886630174488e+01
2.177215146837120230e+01
5.692252040125740820e+01
4.880134887011888623e+01
6.211618746248974787e+01
5.090238376889693939e+01
3.556204503261733407e+01
5.232081409844975184e+01
6.996425384368205869e+01
4.903948580355680065e+01
4.538158893072122169e+01
3.919526264151523520e+01
5.135669170266800876e+01
4.340001931827492143e+01
4.018201183069787419e+01
6.677784657295185866e+01
5.918321627496621318e+01
5.396887607788839603e+01
3.996836796991932772e+01
5.495899117267247647e+01
4.753831373211070854e+01
4.133648530763649376e+01
4.847359110002824423e+01
5.278583749173098028e+01
5.592843788884440670e+01
5.287962643896234027e+01
5.277322408606318049e+01
3.330415648739926837e+01
4.030383473239586323e+01
6.975880311404365841e+01
5.462231682892377194e+01
4.414731000329989286e+01
3.916870480216167749e+01
3.634183377847040219e+01
3.669218061909980122e+01
5.465731778321014644e+01
5.158490200431177897e+01
5.173393862940191212e+01
4.407971314284850450e+01
4.699248318286107917e+01
5.035226584871573152e+01
4.585231460352851940e+01
6.148654116934592651e+01
5.982244348959582680e+01
5.015618958892204660e+01
4.557764937925437465e+01
5.200346943073249406e+01
3.750490007490964928e+01
3.968616850767069337e+01
4.327556285040030559e+01
5.559965889676283268e+01
4.314473521593981076e+01
5.653975936688325987e+01
5.101581901079522652e+01
3.946456649351866020e+01
3.236217396292367710e+01
4.033486014064845904e+01
4.703086819622406267e+01
3.193204404792126994e+01
3.668198396229203695e+01
4.506878405678342858e+01
2.222148902187148423e+01
6.311692000166149796e+01
5.385716469767780268e+01
4.416569036638260570e+01
3.678363259916491756e+01
4.067887987076853307e+01
6.521656620773271129e+01
5.563492043143438792e+01
4.783999106370459486e+01
4.549698507300472272e+01
6.965376121891355865e+01
5.793734753186836173e+01
4.134293876743441842e+01
2.885457139041708530e+01
5.575785250825954620e+01
4.140256664629995953e+01
4.796206879307361959e+01
5.210090316037999258e+01
3.802571638272408450e+01
4.755975673652491764e+01
3.218732582007655196e+01
5.617356552369320610e+01
4.977366737047370293e+01
5.997859494337359365e+01
3.265105555698304585e+01
3.657306558405652197e+01
6.126470498961509747e+01
4.209316567897303685e+01
5.559723300601044826e+01
5.155516811740180572e+01
5.003832737002271358e+01
4.528793314720761742e+01
5.638512030632551131e+01
3.876715778900587139e+01
4.355785288018808643e+01
3.921440809269148531e+01
4.685612654318758530e+01
4.178885926232845094e+01
5.063255558655425403e+01
5.196247242599710603e+01
4.878257883631454916e+01
5.752001954540531159e+01
5.420893279985347846e+01
5.251112522678351979e+01
7.099362501826408334e+01
4.032367971284654118e+01
6.022791810194581785e+01
5.060555102961831864e+01
4.557797206404720214e+01
5.947965095000051861e+01
4.710948895575073436e+01
4.514432712686316052e+01
4.823924372382843728e+01
4.278329833704270868e+01
4.130873249354641530e+01
3.546471580972587390e+01
5.847902590812086032e+01
4.481791207823424372e+01
5.591465852610676990e+01
4.527004295484131546e+01
4.997490180845699115e+01
5.574208420257342311e+01
5.851526510100985234e+01
4.509158731412885857e+01
5.916019874477308349e+01
4.519606782445783466e+01
3.954157393343020033e+01
4.158028222823412534e+01
5.409319657960632810e+01
5.350743035591075625e+01
4.946807304050803111e+01
5.449228036324632285e+01
6.292243865341944087e+01
4.763339930537337352e+01
6.323777910541463854e+01
3.433684558530370623e+01
6.133989024488229802e+01
4.451771904552364845e+01
6.324977725422602504e+01
4.091784212387938879e+01
4.704119308693282164e+01
4.645819932915683381e+01
5.118969780699795535e+01
5.983000522234725338e+01
5.017543704293611029e+01
4.269090687608004941e+01
5.784686881477750120e+01
4.266598996620868434e+01
5.933225039483510699e+01
3.264992866859590492e+01
6.159632935273344856e+01
5.462133820738701218e+01
4.116001448721198130e+01
7.906403037071433459e+01
5.386214971103026983e+01
4.385287768854664137e+01
4.715954556063354630e+01
4.123582440033757734e+01
5.295194829572382389e+01
4.624184014901430828e+01
3.670755662153475640e+01
2.777956640817977529e+01
4.726727460902171174e+01
5.146787487116790771e+01
2.601841899542884207e+01
4.126065824293958428e+01
5.316446941093027334e+01
4.341592228318997115e+01
5.035541989129431784e+01
5.208059994148342753e+01
4.143598939770299694e+01
4.626217051355827437e+01
5.014283502855373342e+01
3.982801214675819068e+01
4.233118639391902605e+01
4.638609933394405260e+01
3.817782672618862705e+01
5.255823467632756518e+01
3.263032306167452390e+01
4.546353823052625387e+01
3.737286421667958791e+01
3.780566784196632568e+01
4.684535648626494719e+01
5.403126641695848065e+01
4.340154611971701826e+01
6.095600359941492741e+01
5.051698909921691438e+01
4.064827385836976248e+01
4.338168587786649510e+01
4.818617339688691459e+01
4.388852973537896673e+01
4.934295829901510899e+01
5.117793271627031260e+01
5.746734294330821768e+01
4.841989047501309074e+01
4.213567264351926411e+01
5.897895095202297000e+01
3.455820526976546603e+01
5.117799647170693333e+01
4.715704899575693787e+01
5.903555857612876423e+01
4.508318124007425354e+01
6.015393925358751659e+01
4.853039981706629646e+01
5.451876467001208937e+01
4.577246257677138885e+01
5.212527411564492041e+01
5.588487165240183430e+01
6.011260000435603246e+01
3.416717911487729964e+01
4.871467652254264635e+01
4.493656599460277334e+01
3.984571415076774770e+01
4.541790222249920816e+01
3.350707460394585269e+01
4.458031521398376640e+01
4.699030682623131838e+01
4.656960633171854624e+01
4.214238943455681863e+01
4.623345166379100135e+01
5.851367717068930574e+01
5.553666592519182643e+01
4.745637011098239810e+01
5.090222284414394949e+01
5.302574794678421455e+01
5.428917207263293676e+01
2.979953457298867292e+01
4.669814331229775917e+01
4.973405796380839661e+01
4.864931106955773288e+01
4.690373000884437715e+01
6.326465490013812598e+01
3.422644019090164846e+01
5.474312393369610419e+01
5.398496328295176738e+01
5.761196882061591396e+01
4.039400479879969907e+01
5.938161849919124791e+01
7.147717025572529792e+01
5.028908101904416128e+01
4.997540758711221542e+01
4.568790874137022229e+01
5.420775005305857519e+01
4.237837239744004592e+01
3.487322949091582558e+01
5.011658960577823763e+01
3.260781285791483697e+01
3.690544618311920999e+01
6.118968696526596318e+01
4.796767873653381287e+01
3.812231254230491118e+01
4.169314068971130638e+01
5.542711494726624721e+01
4.107719655166635420e+01
4.075048338775007295e+01
3.109059984848560632e+01
4.293377011166589341e+01
5.009636138671149297e+01
6.182016193062771947e+01
4.424807926788201939e+01
6.938023922529561105e+01
3.959942339608205941e+01
4.203775676162172914e+01
4.376636113230708247e+01
4.513192694738187072e+01
6.765522562068787238e+01
4.851323142558329948e+01
5.815943178983656026e+01
5.640895771034504946e+01
4.452134828544400591e+01
5.779729213848696645e+01
3.336894957707200859e+01
4.968692985540111806e+01
3.676280336388543901e+01
5.983939179619531501e+01
5.249233987607806284e+01
4.851760886659927507e+01
